[[   693.27911     58929.35533023]
 [   693.32178     56984.69359627]
 [   693.36444     54625.53127998]
 [   693.40717     50801.46349   ]
 [   693.44983     54249.37875371]
 [   693.49255     53240.3062614 ]
 [   693.53522     51732.14770744]
 [   693.57794     53367.99839513]
 [   693.62061     54939.44344117]
 [   693.66333     57724.52888886]
 [   693.70605     60308.15258656]
 [   693.74872     64634.0017526 ]
 [   693.79144     83119.30781029]
 [   693.83417    108584.22135031]
 [   693.87689    149002.00302801]
 [   693.91962    222433.62986803]
 [   693.96234    231721.41384572]
 [   694.00507    208012.13508575]
 [   694.04779    153886.59596344]
 [   694.09052    111043.79110347]
 [   694.13324     88475.47718116]
 [   694.17596     75632.48569885]
 [   694.21869     69873.11974888]
 [   694.26141     64870.38616657]
 [   694.3042      65217.42489058]
 [   694.34692     57287.25022827]
 [   694.38965     56234.9228283 ]
 [   694.43243     57718.48735998]
 [   694.47516     56545.33548   ]
 [   694.51794     57542.18502168]
 [   694.56067     55721.5117817 ]]